2801034
2798300
2798299
2795229
2781867
2781357
2781356
2781355
2781354
2781353
2781102
2781101
2778546
2778545
2775265
2762721
2760741
2760740
2749858
2737726
2737725
2737724
2737723
2737722
2737721
2737720
2737719
2737718
2737717
2737716
2737715
2737714
2737713
2737712
2737711
2737710
2737709
2737708
2737707
2737706
2737705
2737704
2737703
2737702
2737701
2736206
2729004
2726021
2725057
2721747
2721746
2721745
2721744
2721742
2721741
2721740
2721739
2717850
2717000
2716999
2716998
2716997
2716996
2716995
2716994
2716993
2716992
2716991
2716990
2716989
2716988
2716987
2716986
2716985
2716984
2716983
2716982
2716981
2716980
2716979
2716978
2716977
2716976
2716975
2716974
2716973
2716972
2716971
2716970
2716969
2716968
2716967
2708066
2708065
2706558
2706557
2706556
2706555
2706554
2681586
2665497
2662313
2662312
2661901
2653866
2605648
2604840
2599603
2597325
2597167
2571165
2560801
2560777
2560643
2560599
2560572
2560571
2560570
2560569
2560568
2560567
2560468
2510939
2508171
2495533
2494334
2341050
2321067
2321066
2321065
2249313
2220004
2212650
2212649
2212648
2212647
2212646
2211181
2171489
2170407
2170406
2170180
2169901
2169863
2152471
2126357
2115843
2115842
2115790
2086436
2086349
2079459
2071327
2071326
2071325
2071324
2071323
2071322
2071321
2071320
2071319
2071318
2054179
2052651
2035399
2026363
2022783
2019557
2015379
2014518
2014517
2014080
2003507
1986399
1982744
1982743
1981153
1962169
1962168
1960251
1960250
1960249
1959846
1954377
1954226
1954225
1940555
1923965
1923964
1923963
1923962
1919083
1906351
1890678
1881012
1881011
1881010
1881009
1881008
1881007
1881006
1881005
1881004
1881003
1881002
1881001
1881000
1869110
1869109
1869108
1869107
1869106
1869105
1846169
1835098
1835097
1835096
1835095
1835094
1835093
1835092
1835091
1835090
1835089
1835088
1835087
1834538
1834535
1834533
1834532
1834531
1834530
1834529
1834528
1834527
1834526
1834525
1814125
1809460
1809459
1806069
1792588
1792587
1792586
1780507
1778911
1770252
1770233
1758219
1758218
1758217
1758216
1758215
1758214
1758212
1758211
1758210
1758209
1756184
1749251
1746170
1744840
1736051
1736048
1732025
1720233
1716044
1706831
1706830
1699315
1690255
1679241
1679240
1676472
1676471
1667587
1654930
1653058
1653057
1653056
1647106
1643444
1640278
1638619
1628896
1621983
1615847
1608255
1605972
1582275
1567495
1564904
1548192
1548191
1548190
1543221
1543220
1543219
1536431
1536430
1535247
1510155
1504288
1495287
1485966
1481141
1479476
1479000
1478596
1474808
1463499
1452542
1452541
1452540
1440122
1434720
1431748
1431747
1419111
1419110
1419109
1415526
1410510
1392386
1382993
1382992
1379684
1379312
1379311
1379310
1379309
1379308
1379307
1379306
1370096
1343901
1335472
1335471
1335470
1329410
1329409
1325581
1325407
1325406
1325405
1325404
1325403
1325402
1325401
1325400
1325399
1325398
1325397
1325396
1325395
1325394
1325393
1325392
1325391
1325390
1325389
1325388
1325387
1325386
1325385
1325384
1325383
1324804
1288357
1282341
1273575
1261657
1256524
1249499
1240711
1232896
1232637
1227348
1226368
1211484
1211015
1210004
1206069
1206068
1204578
1204577
1200671
1200670
1195658
1195376
1195374
1195167
1177628
1166470
1136463
1136462
1136461
1136460
1136459
1136458
1136457
1136456
1136455
1136454
1136453
1136452
1130095
1125844
1123959
1098913
1098912
1093786
1093785
1093784
1093783
1093782
1093781
1093780
1093779
1093778
1093777
1093776
1093775
1093774
1045882
1042528
1034795
1034794
1032407
1032406
1006205
1000659
1000658
1000657
1000656
1000655
1000654
1000653
1000652
1000651
1000650
988949
988948
987113
946522
944969
943082
931926
884667
884666
868565
862244
768744
768743
768742
768741
768739
768738
768113
759755
759754
759753
752241
744249
703611
702738
702736
691502
691501
691500
691499
691498
691497
691496
690695
690694
690693
690692
690691
690285
685736
682884
672021
672020
672019
672018
672017
670426
668548
660669
660668
660667
660666
660665
660664
660663
660662
660661
656191
655489
655488
655487
655486
654902
654901
651668
643650
643649
576892
570425
570424
570423
570422
570421
562746
550803
548914
548913
548912
548689
548688
548687
542376
540567
527213
524651
524650
524649
517194
517184
481315
471967
471966
467771
467770
467028
463653
462298
462297
462296
456833
456832
456831
456502
456489
454123
439203
436507
436506
435895
434028
433499
432370
431632
431631
431630
431629
431627
431626
431624
431623
431622
431621
431620
431619
431617
431616
431037
425198
425197
425196
425195
425194
425193
425192
425191
425190
425189
425188
425187
425186
425185
425184
416619
416618
416617
416616
416615
416614
416613
410854
410853
398068
398033
398032
397369
397368
397367
397109
397108
397107
397106
397105
397104
379730
379729
365327
364634
360199
360198
359948
359947
353639
353638
353637
353282
345308
342941
342940
342596
342410
341980
340907
338562
338561
333743
333343
333342
333341
332937
324600
323233
323232
323231
319745
318419
318417
318416
314498
311339
311179
310537
310273
308725
308721
308719
308718
308716
308714
308707
308706
308705
308704
308703
302475
301599
301027
299474
299473
299472
295027
291996
291843
291842
291841
291840
291839
291838
291837
291836
291835
291832
291829
291823
291612
285986
272551
263683
262584
262398
260965
258922
257469
256817
254249
253159
240877
240876
240874
240513
240511
230461
230460
230458
230457
230456
230177
230176
227509
227452
227451
227136
227135
227134
227132
227130
227129
227128
227127
227126
227125
227124
226584
224587
224586
224585
224583
221986
221985
221984
221983
221690
221689
221688
221686
221685
221246
221245
221244
219818
219817
218248
213999
213998
213997
212730
212729
212728
212727
212726
212725
212724
212723
212722
212721
212720
212719
212718
212436
212435
212434
212433
212430
209266
209064
209063
209062
209061
209045
205912
203820
203139
203138
203137
203136
203134
202910
199702
199308
188763
180255
180252
179532
175816
173571
173570
173569
173568
173567
173566
172932
172931
172930
172652
172584
171950
171371
171005
170325
169974
169968
167786
159604
159603
159602
154633
154334
153301
146015
144211
144210
144209
144208
138897
138896
138184
137878
137876
137443
136163
135748
135725
135102
134392
132678
126283
123630
120505
119207
114770
114769
111469
111468
109048
109047
107323
107236
106332
106331
104388
104240
104223
103930
103921
103920
101947
99803
95547
93389
93388
93387
93386
91741
91740
91462
91179
90960
90959
85618
83534
83440
82832
82831
82830
82829
80341
79892
79891
79890
79889
79700
77836
73483
72012
70565
70564
70171
70170
70062
69955
69256
69169
69168
69167
69166
69165
69164
69163
69162
69156
57279
57278
55744
52985
50294
50293
50292
50290
48410
47929
47419
47418
47302
46017
45455
45407
40272
39944
39637
39566
37296
37140
37108
37107
37106
36452
36353
36352
36351
36350
36348
36346
36345
35252
35251
35250
35249
35248
35247
35246
35244
35243
33708
33707
33706
33705
33703
32604
32603
31527
31525
31523
31522
31521
31520
31519
31518
31517
28304
12657
12509
10398
10397
10395
10392
10391
10390
10389
10388
10387
10386
10385
10384
10383
10382
10381
10380
10379
10378
10377
10376
10375
10374
10373
10372
10371
10370
10369
10368
10367
10366
10365
10364
10363
10362
10361
10360
10359
10358
10357
10355
10353
10350
10349
10346
10345
10344
10343
10338
10335
10334
10333
10331
10330
10329
10328
10327
10326
10325
10324
10323
10322
10321
10320
10319
10317
10316
10315
10314
10313
10312
10310
10309
10308
10307
10306
10305
10304
10303
10302
10301
10300
10299
10298
10297
10296
10295
10294
10293
10292
